in = 1.000000e+01
out = 6.666667e+00
