out = 6.666667e+00
in = 1.000000e+01
