transfer_function = 9.979641e-05
output_impedance_at_v(out) = 1.995928e-03
vin#input_impedance = 1.000000e+20
